#
#
#  MMP (Multiscale Modeling Platform) - EU Project
#  funded by FP7 under NMP-2013-1.4-1 call with Grant agreement no: 604279
#
#  Copyright (C) 2014-2015 Markus Apel (Access e.V., Germany)
# 
#  CIGS example: Mobility definition file
#  
#  This file is a direct MICRESS data file for defining the temperature
#  (1st column) dependent interface mobility (2nd column).
#
#  ATTENTION: In this example, MICRESS will not be run directly.
#  All result data is pre-calculated
#
#
 1000.00  0.1000E-06
  995.33  0.9771E-07
  990.67  0.9546E-07
  986.00  0.9323E-07
  981.33  0.9104E-07
  976.67  0.8888E-07
  972.00  0.8675E-07
  967.33  0.8465E-07
  962.67  0.8258E-07
  958.00  0.8055E-07
  953.33  0.7854E-07
  948.67  0.7657E-07
  944.00  0.7462E-07
  939.33  0.7271E-07
  934.67  0.7083E-07
  930.00  0.6898E-07
  925.33  0.6716E-07
  920.67  0.6537E-07
  916.00  0.6361E-07
  911.33  0.6187E-07
  906.67  0.6017E-07
  902.00  0.5850E-07
  897.33  0.5686E-07
  892.67  0.5525E-07
  888.00  0.5367E-07
  883.33  0.5212E-07
  878.67  0.5059E-07
  874.00  0.4910E-07
  869.33  0.4763E-07
  864.67  0.4620E-07
  860.00  0.4479E-07
  855.33  0.4341E-07
  850.67  0.4206E-07
  846.00  0.4073E-07
  841.33  0.3943E-07
  836.67  0.3817E-07
  832.00  0.3692E-07
  827.33  0.3571E-07
  822.67  0.3452E-07
  818.00  0.3336E-07
  813.33  0.3223E-07
  808.67  0.3112E-07
  804.00  0.3003E-07
  799.33  0.2898E-07
  794.67  0.2795E-07
  790.00  0.2694E-07
  785.33  0.2596E-07
  780.67  0.2500E-07
  776.00  0.2407E-07
  771.33  0.2316E-07
  766.67  0.2228E-07
  762.00  0.2141E-07
  757.33  0.2058E-07
  752.67  0.1976E-07
  748.00  0.1897E-07
  743.33  0.1820E-07
  738.67  0.1745E-07
  734.00  0.1673E-07
  729.33  0.1602E-07
  724.67  0.1534E-07
  720.00  0.1468E-07
  715.33  0.1404E-07
  710.67  0.1341E-07
  706.00  0.1281E-07
  701.33  0.1223E-07
  696.67  0.1167E-07
  692.00  0.1112E-07
  687.33  0.1060E-07
  682.67  0.1009E-07
  678.00  0.9601E-08
  673.33  0.9128E-08
  668.67  0.8673E-08
  664.00  0.8235E-08
  659.33  0.7813E-08
  654.67  0.7407E-08
  650.00  0.7017E-08
  645.33  0.6642E-08
  640.67  0.6282E-08
  636.00  0.5937E-08
  631.33  0.5606E-08
  626.67  0.5289E-08
  622.00  0.4986E-08
  617.33  0.4696E-08
  612.67  0.4418E-08
  608.00  0.4154E-08
  603.33  0.3901E-08
  598.67  0.3660E-08
  594.00  0.3430E-08
  589.33  0.3212E-08
  584.67  0.3004E-08
  580.00  0.2807E-08
  575.33  0.2620E-08
  570.67  0.2443E-08
  566.00  0.2275E-08
  561.33  0.2116E-08
  556.67  0.1965E-08
  552.00  0.1823E-08
  547.33  0.1690E-08
  542.67  0.1564E-08
  538.00  0.1445E-08
  533.33  0.1334E-08
  528.67  0.1229E-08
  524.00  0.1131E-08
  519.33  0.1039E-08
  514.67  0.9534E-09
  510.00  0.8733E-09
  505.33  0.7987E-09
  500.67  0.7292E-09
  496.00  0.6646E-09
  491.33  0.6047E-09
  486.67  0.5492E-09
  482.00  0.4978E-09
  477.33  0.4504E-09
  472.67  0.4067E-09
  468.00  0.3665E-09
  463.33  0.3296E-09
  458.67  0.2958E-09
  454.00  0.2648E-09
  449.33  0.2365E-09
  444.67  0.2108E-09
  440.00  0.1874E-09
  435.33  0.1662E-09
  430.67  0.1470E-09
  426.00  0.1296E-09
  421.33  0.1140E-09
  416.67  0.1000E-09
  412.00  0.8745E-10
  407.33  0.7624E-10
  402.67  0.6625E-10
  398.00  0.5738E-10
  393.33  0.4954E-10
  388.67  0.4261E-10
  384.00  0.3652E-10
  379.33  0.3118E-10
  374.67  0.2651E-10
  370.00  0.2246E-10
  365.33  0.1894E-10
  360.67  0.1590E-10
  356.00  0.1329E-10
  351.33  0.1106E-10
  346.67  0.9152E-11
  342.00  0.7537E-11
  337.33  0.6173E-11
  332.67  0.5028E-11
  328.00  0.4072E-11
  323.33  0.3277E-11
  318.67  0.2621E-11
  314.00  0.2082E-11
  309.33  0.1643E-11
  304.67  0.1287E-11
  300.00  0.1000E-11
